0.46864095 0.47350114 0.52895426
0.46863997 0.47350091 0.52919613
0.46863810 0.47374048 0.52942831
0.46861564 0.47493243 0.52576734
0.46862235 0.47544214 0.52702424
0.46862498 0.47543928 0.52725918
0.46863306 0.47588740 0.52101119
0.46862872 0.47589355 0.52125493
0.46863046 0.47612333 0.52077973
0.46862569 0.47612851 0.52125614
0.46863348 0.47636040 0.52078542
0.46863066 0.47636566 0.52102108
0.46885199 0.47340450 0.52625217
0.46885997 0.47518637 0.52097273
0.46912796 0.47317626 0.53159895
0.46912103 0.47736535 0.53039547
0.46935013 0.47118694 0.52691791
0.46935828 0.47116262 0.52744428
0.46936094 0.47115835 0.52768612
0.46936942 0.47114968 0.52793494
0.46937889 0.47143184 0.52945812
0.46932928 0.47291027 0.52276780
0.46939859 0.47642337 0.53379713
0.46959414 0.47067969 0.52643587
0.46959838 0.47066720 0.52668629
0.46961113 0.47065001 0.52745825
0.46960633 0.47120036 0.52990699
0.46958079 0.47189905 0.52324616
0.46964504 0.47666863 0.53430658
0.46964018 0.47714659 0.53430418
0.46963538 0.47738258 0.53429846
0.46985373 0.47016153 0.52620271
0.46986839 0.47014799 0.52771386
0.46986756 0.47015716 0.52818472
0.46984311 0.47040685 0.52526032
0.46982736 0.47117024 0.52323443
0.46984806 0.47164683 0.52196347
0.46988559 0.47470462 0.53405695
0.46990399 0.48130169 0.53255793
0.46990261 0.48125810 0.53421487
0.47013261 0.46963420 0.52795136
0.47010185 0.46989283 0.52500793
0.47009862 0.47013744 0.52426065
0.47010049 0.47063607 0.52297675
0.47011701 0.47469683 0.53430234
0.47014507 0.48174934 0.53347972
0.47014573 0.48175687 0.53396481
0.47038586 0.46912928 0.52547762
0.47037721 0.46913299 0.52572465
0.47037843 0.46913141 0.52597812
0.47039049 0.46911800 0.52646496
0.47041426 0.46910591 0.52722183
0.47065804 0.46885325 0.52523867
0.47063966 0.47855293 0.53575272
0.47064028 0.47954139 0.53571745
0.47087145 0.46892050 0.53056892
0.47087679 0.46936556 0.52271638
0.47083796 0.46942299 0.53129079
0.47081370 0.47070247 0.53256372
0.47081393 0.47095752 0.53281674
0.47081308 0.47122450 0.53307550
0.47082580 0.47148268 0.53333476
0.47088574 0.47854060 0.53600979
0.47089212 0.48274290 0.53397464
0.47121006 0.46785121 0.52743948
0.47121348 0.46785127 0.52768924
0.47113876 0.46864786 0.53056593
0.47111859 0.46889792 0.53105007
0.47108029 0.47042996 0.53282946
0.47108618 0.47068216 0.53308826
0.47108907 0.47094736 0.53334545
0.47147455 0.46759172 0.52792286
0.47138376 0.46863313 0.53105241
0.47136433 0.47041770 0.53335830
0.47138105 0.47094236 0.53389637
0.47137104 0.48321813 0.53447022
0.47173267 0.46733407 0.52792336
0.47198200 0.46708707 0.52792878
0.47197494 0.46732072 0.52861854
0.47190162 0.46990311 0.53363110
0.47191171 0.47093773 0.53442133
0.47220638 0.46682811 0.52621636
0.47223261 0.46682975 0.52743896
0.47221951 0.46731674 0.52885933
0.47216802 0.46833390 0.53105740
0.47216269 0.46857667 0.53155798
0.47216584 0.46884931 0.53210042
0.47214264 0.47166589 0.53514041
0.47211349 0.48419884 0.53446584
0.47246404 0.46657352 0.52646957
0.47248087 0.46657335 0.52693553
0.47245829 0.46731218 0.52909065
0.47241718 0.47016602 0.53416546
0.47238728 0.47165481 0.53538850
0.47236228 0.48073866 0.53744948
0.47235361 0.48124624 0.53717884
0.47263043 0.47140160 0.53538686
0.47294645 0.46907958 0.53312569
0.47295171 0.46935294 0.53364460
0.47293734 0.46961729 0.53390646
0.47314123 0.46706643 0.52230358
0.47334083 0.48517230 0.53569788
0.47359034 0.46684119 0.52163146
0.47369633 0.46908362 0.53363014
0.47389973 0.46635373 0.52791472
0.47387376 0.46657358 0.52235054
0.47386167 0.47310563 0.53733624
0.47381674 0.48071075 0.53917470
0.47381307 0.48517254 0.53592976
0.47405638 0.48070973 0.53942167
0.47407689 0.48173087 0.53891573
0.47429710 0.47972673 0.53965029
0.47430989 0.48196590 0.53892063
0.47453581 0.47996860 0.53989815
0.47453631 0.48022779 0.53990173
0.47453765 0.48072150 0.53989341
0.47478133 0.47996810 0.54014351
0.47478199 0.48022599 0.54014311
0.47479386 0.48172269 0.53940490
0.47502860 0.47997073 0.54038512
0.47502672 0.48022585 0.54038055
0.47578616 0.47332226 0.53877827
0.47576003 0.47533880 0.53994121
0.47600466 0.47411853 0.53948929
0.47599217 0.47508924 0.53994098
0.47599792 0.47582804 0.54018857
0.47628599 0.48121488 0.54040342
0.47590465 0.48904208 0.49976351
0.47622294 0.48534016 0.49700178
0.47621215 0.48585200 0.49700803
0.47614146 0.48975839 0.49954682
0.47613837 0.49000234 0.49978048
0.47614014 0.49022669 0.50024147
0.47672653 0.47332814 0.53924673
0.47648627 0.48367463 0.49671349
0.47649122 0.48483955 0.49647728
0.47645351 0.48607490 0.49651071
0.47645134 0.48632841 0.49651535
0.47635940 0.49045205 0.49979044
0.47638839 0.49070349 0.50049258
0.47638682 0.49072897 0.50122783
0.47661258 0.49094385 0.50002541
0.47687358 0.48874077 0.49709900
0.47684873 0.49142037 0.50076016
0.47685232 0.49142530 0.50124571
0.47685597 0.49143023 0.50148831
0.47741333 0.47357045 0.53970559
0.47722901 0.48340593 0.49574820
0.47730852 0.49189231 0.50053565
0.47760768 0.48816767 0.49511096
0.47755942 0.48965293 0.49614088
0.47810914 0.48602958 0.53723354
0.47810138 0.48627993 0.53697950
0.47778858 0.49237066 0.49959896
0.47803295 0.49262444 0.49960754
0.47864771 0.48169511 0.54089473
0.47859995 0.48601978 0.53748288
0.47859318 0.48626915 0.53723597
0.47851061 0.49034442 0.49469477
0.47848934 0.49282460 0.49769695
0.47897989 0.49128917 0.49445888
0.47945409 0.49274954 0.49496594
0.48017641 0.49400016 0.49475366
0.48078735 0.47110622 0.49470229
0.48091611 0.49319560 0.49198721
0.48153028 0.47037087 0.49423995
0.48180202 0.48363590 0.54021277
0.48139435 0.49570648 0.49405424
0.48138236 0.49595399 0.49553698
0.48163978 0.49620641 0.49528482
0.48187018 0.49619463 0.49407913
0.48190012 0.49646225 0.49528029
0.48251471 0.48245206 0.54116710
0.48296631 0.48317297 0.54069345
0.48321406 0.48244058 0.54116815
0.48319062 0.48317429 0.54068917
0.48305235 0.49630594 0.49089115
0.48401187 0.47199836 0.54115159
0.48355545 0.49707831 0.49089816
0.48356187 0.49737024 0.49164780
0.48595842 0.46800437 0.53723363
0.48619043 0.47305160 0.54241058
0.48618609 0.47352462 0.54266028
0.48619112 0.47377241 0.54266393
0.48640570 0.46999783 0.53992342
0.48641705 0.47401261 0.54266528
0.48665120 0.46851616 0.53820092
0.48662654 0.47281765 0.54240404
0.48664051 0.47329745 0.54264640
0.48693154 0.46605859 0.53458185
0.48692904 0.46631078 0.53506795
0.48689011 0.46827313 0.53796059
0.48712583 0.46900753 0.53893015
0.48707665 0.47281939 0.54240066
0.48729764 0.47331202 0.54265755
0.48732543 0.47497385 0.54265745
0.48752265 0.47330442 0.54265890
0.48756040 0.47627422 0.54263404
0.48729786 0.50032876 0.48899810
0.48783149 0.47176343 0.54165038
0.48775059 0.47329183 0.54265653
0.48806338 0.46533692 0.53242604
0.48807507 0.46999895 0.54016617
0.48805775 0.47200862 0.54188496
0.48824404 0.46301030 0.50326742
0.48828368 0.47199652 0.54188167
0.48854933 0.46606398 0.53459289
0.48853940 0.46629388 0.53507032
0.48854097 0.46899043 0.53915969
0.48849367 0.47628688 0.54261971
0.48875580 0.46251564 0.50379399
0.48874511 0.46276514 0.50304063
0.48873097 0.47700917 0.54238020
0.48903474 0.46848552 0.53866542
0.48894687 0.47198413 0.54186924
0.48892843 0.47353034 0.54264118
0.48924721 0.46228316 0.50355346
0.48923274 0.46536039 0.53245086
0.48926268 0.46848016 0.53866335
0.48919739 0.47125184 0.54138139
0.48917287 0.47198906 0.54186954
0.48917412 0.47377544 0.54264000
0.48917405 0.47604639 0.54262592
0.48948972 0.46847431 0.53866046
0.48948335 0.46872723 0.53891282
0.48942749 0.47124208 0.54137514
0.48938437 0.47553926 0.54264197
0.48976904 0.46203182 0.50379629
0.48977423 0.46227235 0.50278891
0.48962233 0.47526622 0.54263540
0.49002320 0.46203776 0.50329020
0.48988099 0.47124852 0.54137823
0.49029265 0.46226338 0.50203825
0.49025263 0.46328870 0.49903505
0.49011951 0.47100031 0.54114037
0.49055204 0.46179914 0.50354956
0.49053712 0.46180476 0.50405268
0.49052066 0.46302658 0.49928711
0.49021356 0.50518866 0.52030386
0.49082888 0.46178354 0.50303256
0.49067067 0.46456504 0.49584482
0.49084057 0.46822599 0.53842296
0.49155630 0.46177471 0.50180300
0.49155669 0.46225242 0.50030197
0.49162659 0.46431302 0.49560926
0.49181620 0.46550434 0.49398837
0.49172298 0.46773646 0.53744761
0.49195502 0.46824750 0.53843923
0.49217309 0.46849456 0.53868821
0.49235821 0.50631917 0.52060478
0.49315508 0.46226975 0.49814678
0.49334170 0.46303360 0.49640792
0.49547188 0.46188604 0.51998453
0.49543697 0.46211828 0.52136715
0.49636487 0.46212055 0.52137294
0.50036835 0.48098764 0.53991031
0.50161382 0.47678320 0.54139296
0.50155793 0.47975845 0.54039758
0.50183660 0.47754918 0.54114457
0.50183518 0.47830198 0.54088515
0.50234072 0.47625876 0.54141507
0.50253861 0.46847543 0.48476763
0.50253289 0.46870797 0.48452895
0.50277805 0.46822995 0.48500036
0.50524849 0.46605595 0.48740124
0.50558358 0.47452954 0.54137435
0.50546624 0.48992663 0.53285816
0.50569783 0.49016511 0.53263006
0.50620532 0.45803183 0.49790363
0.50621174 0.45802762 0.49881453
0.50622496 0.45802344 0.49951910
0.50618589 0.45825970 0.49723588
0.50643852 0.45803029 0.49767370
0.50642589 0.45848746 0.49678057
0.50628333 0.47069716 0.53978840
0.50630594 0.47254944 0.54157074
0.50631205 0.47304643 0.54158401
0.50654124 0.47174375 0.54105455
0.50692341 0.45847036 0.49676884
0.50713728 0.45802591 0.49744297
0.50717082 0.45802479 0.50022296
0.50742761 0.45802081 0.50022586
0.50742338 0.45850728 0.50358245
0.50727254 0.47147798 0.54056343
0.50715905 0.48823625 0.53405270
0.50766672 0.45802042 0.50023447
0.50763220 0.45847862 0.49674431
0.50740458 0.48871148 0.53357172
0.50785385 0.45802538 0.49767383
0.50809043 0.45825545 0.49719788
0.50835358 0.45802587 0.49978235
0.50790981 0.47441748 0.47791795
0.50854486 0.45848246 0.49696666
0.50877187 0.45801526 0.49839323
0.50879176 0.45801358 0.49932307
0.50890656 0.45851951 0.50384684
0.50901170 0.45801496 0.49863211
0.50901118 0.45801276 0.49887631
0.50900444 0.45825266 0.49765838
0.50901173 0.47201622 0.54034607
0.50937466 0.45851934 0.50386088
0.50906134 0.48532656 0.53577918
0.50917410 0.47391435 0.47817254
0.50974413 0.45824910 0.50101101
0.50934793 0.50916952 0.45084680
0.50997318 0.45825055 0.50077946
0.51015505 0.45825134 0.49837442
0.51045359 0.47700491 0.53991312
0.51007178 0.51150401 0.45013340
0.51066545 0.49506403 0.52713095
0.51063807 0.49747582 0.52492072
0.51032936 0.51201064 0.44988968
0.51062749 0.50958893 0.44933550
0.51061536 0.50982226 0.44934608
0.51058004 0.51253159 0.45016091
0.51087931 0.47180949 0.48001399
0.51087878 0.47290425 0.47891664
0.51110706 0.49722570 0.52492723
0.51087061 0.50957332 0.44910349
0.51086380 0.51052583 0.44909675
0.51086420 0.51076403 0.44909780
0.51086180 0.51100442 0.44910441
0.51081929 0.51278759 0.45016623
0.51134420 0.49722945 0.52466031
0.51136181 0.49819456 0.52316173
0.51139446 0.51006055 0.44859009
0.51140218 0.51028856 0.44858536
0.51140337 0.51051834 0.44858730
0.51140238 0.51100064 0.44859450
0.51137476 0.51223773 0.44910887
0.51136736 0.51276285 0.44937503
0.51161202 0.50416659 0.44983242
0.51166374 0.51124383 0.44858358
0.51161762 0.51329076 0.44964119
0.51159231 0.51354243 0.45013980
0.51215626 0.47346441 0.53961983
0.51188691 0.50960310 0.44834950
0.51191946 0.51052589 0.44833188
0.51192066 0.51275417 0.44910722
0.51211402 0.50545363 0.44885378
0.51213181 0.50937053 0.44834368
0.51214775 0.51353204 0.44961973
0.51238248 0.50492087 0.44908707
0.51236989 0.50544913 0.44884753
0.51242160 0.51326197 0.44935422
0.51240563 0.51352498 0.44961073
0.51239275 0.51377737 0.44985733
0.51237109 0.51426776 0.45034986
0.51236290 0.51475473 0.45108476
0.51233634 0.51526667 0.45304213
0.51231838 0.51570062 0.45554598
0.51231214 0.51570328 0.45579429
0.51231257 0.51570345 0.45604215
0.51232460 0.51570552 0.45628021
0.51232867 0.51569576 0.45677848
0.51262518 0.50492574 0.44908198
0.51261907 0.50890414 0.44834302
0.51262995 0.51450588 0.45058552
0.51259590 0.51500288 0.45157182
0.51257952 0.51571548 0.45530328
0.51300819 0.45874254 0.49885057
0.51301990 0.45873879 0.49936203
0.51293953 0.51299338 0.44909454
0.51288849 0.51450812 0.45058339
0.51286489 0.51499762 0.45131174
0.51318407 0.51324172 0.44934377
0.51316153 0.51375999 0.44984146
0.51311968 0.51499709 0.45130227
0.51308454 0.51574375 0.45505486
0.51354759 0.49531653 0.52491547
0.51341934 0.51401201 0.45009139
0.51340626 0.51426562 0.45034125
0.51339239 0.51474740 0.45104771
0.51335531 0.51526546 0.45253902
0.51334574 0.51575503 0.45480043
0.51346912 0.47015728 0.48145174
0.51366325 0.51376751 0.45008340
0.51360569 0.51575595 0.45479622
0.51357538 0.51573445 0.45676490
0.51370097 0.46990972 0.48171074
0.51399161 0.48206328 0.53703851
0.51398143 0.48280911 0.53653478
0.51388550 0.51500058 0.45178313
0.51382935 0.51574779 0.45554042
0.51382186 0.51574217 0.45604556
0.51414756 0.51402316 0.45080511
0.51413632 0.51450040 0.45128202
0.51413132 0.51500900 0.45203269
0.51445229 0.45919781 0.50176678
0.51418823 0.46991265 0.48169980
0.51444338 0.47870752 0.53847627
0.51446293 0.48230535 0.53679545
0.51433860 0.50592838 0.44905447
0.51439538 0.51276524 0.45005497
0.51439771 0.51327285 0.45030772
0.51437339 0.51450240 0.45151384
0.51437020 0.51475417 0.45178053
0.51433065 0.51551680 0.45527974
0.51457514 0.48006192 0.47133223
0.51460861 0.50343020 0.45027398
0.51456529 0.50616496 0.44905713
0.51456220 0.50640446 0.44904937
0.51457222 0.51036564 0.44928399
0.51456529 0.51549741 0.45603659
0.51455050 0.51549524 0.45651918
0.51486357 0.50394093 0.45001880
0.51481068 0.51060587 0.44952182
0.51486417 0.51452558 0.45202785
0.51513190 0.50492324 0.44953029
0.51508930 0.50718895 0.44930202
0.51507908 0.50767050 0.44930110
0.51536648 0.50538714 0.44953653
0.51528993 0.50989840 0.44977371
0.51530071 0.51062684 0.45002262
0.51565104 0.47919745 0.53797978
0.51557624 0.50840401 0.44977657
0.51563400 0.51278819 0.45125483
0.51562408 0.51327036 0.45150213
0.51561806 0.51352959 0.45175965
0.51600021 0.47113210 0.53684057
0.51612665 0.51255056 0.45173559
0.51634039 0.51429683 0.45650110
0.51664292 0.47866131 0.53797735
0.51659505 0.50891931 0.45075687
0.51663943 0.51355317 0.45349740
0.51660238 0.51404145 0.45698418
0.51686532 0.50867888 0.45100141
0.51687699 0.51040019 0.45151152
0.51688936 0.51307103 0.45348639
0.51686336 0.51405144 0.45551115
0.51686477 0.51404734 0.45576531
0.51712275 0.47663359 0.53846575
0.51711470 0.47763547 0.53822645
0.51714198 0.51283027 0.45373819
0.51715802 0.51355146 0.45449688
0.51735812 0.47738018 0.53822398
0.51735043 0.47816638 0.53796817
0.51739586 0.47609488 0.47505095
0.51759536 0.47789138 0.53797610
0.51762217 0.46038602 0.49699995
0.51808005 0.48065960 0.53650856
0.51813784 0.46013636 0.49923072
0.51813856 0.46013321 0.49970177
0.51814425 0.46038000 0.49751082
0.51831880 0.46543228 0.48859044
0.51854983 0.47456698 0.53744616
0.51904300 0.48261391 0.53454211
0.51931656 0.48137723 0.53551720
0.51953402 0.49387923 0.52036599
0.51976642 0.47404462 0.53668238
0.51976069 0.47582579 0.53745577
0.51975684 0.47662461 0.53747634
0.51982729 0.47965035 0.53623381
0.51977944 0.49411223 0.51964537
0.52000564 0.47557846 0.53721005
0.52001952 0.47739414 0.53722727
0.52005312 0.47942196 0.53623503
0.52006262 0.48208632 0.53453820
0.52005473 0.48259439 0.53404134
0.52017074 0.50450999 0.45395428
0.52026513 0.47531614 0.53694790
0.52026573 0.47608029 0.53720154
0.52025909 0.47714283 0.53722057
0.52032823 0.50176372 0.45341626
0.52024742 0.46206203 0.49512928
0.52024456 0.46250267 0.49423173
0.52051604 0.47583079 0.53695211
0.52053872 0.47844295 0.53646866
0.52055879 0.47941840 0.53597863
0.52055231 0.48112171 0.53501675
0.52050834 0.49269163 0.52080246
0.52050104 0.49316992 0.52011584
0.52079173 0.47790865 0.53647589
0.52079524 0.47918767 0.53597715
0.52082242 0.48233207 0.53377758
0.52081687 0.48281283 0.53329751
0.52074532 0.49246804 0.52080773
0.52084613 0.50254795 0.45415411
0.52103370 0.47739615 0.53647004
0.52107258 0.48305332 0.53280936
0.52094644 0.46252940 0.49468828
0.52132322 0.48183721 0.53376394
0.52133986 0.48330749 0.53228486
0.52133721 0.50255568 0.45487821
0.52116655 0.46203458 0.49587263
0.52129499 0.46617631 0.48855678
0.52159566 0.48279255 0.53253892
0.52159622 0.48305092 0.53228101
0.52138363 0.46202604 0.49610562
0.52169858 0.46444775 0.52420840
0.52154245 0.46641167 0.48832148
0.52179520 0.47893910 0.53523200
0.52178620 0.48064177 0.53426162
0.52183593 0.48430271 0.53053976
0.52161992 0.46155745 0.49969350
0.52181568 0.46617594 0.48880457
0.52180769 0.46667077 0.48806718
0.52202616 0.47893321 0.53500577
0.52204711 0.48063376 0.53399684
0.52185607 0.46179248 0.49848436
0.52379502 0.47016737 0.48431647
0.52381293 0.47063876 0.48361068
0.52451774 0.49144774 0.51618597
0.52474320 0.49012073 0.46168864
0.52498317 0.48988797 0.46192433
0.52662148 0.49505000 0.46182631
0.52686812 0.49506518 0.46207706
0.52690208 0.49579416 0.46210031
0.52693479 0.49698273 0.46237404
0.52692752 0.49793473 0.46259530
0.52677455 0.46447032 0.49631392
0.52676752 0.46495028 0.49534061
0.52673705 0.46543298 0.49436872
0.52710127 0.49431457 0.46256839
0.52712283 0.50074229 0.46580296
0.52713187 0.50073706 0.46604565
0.52705100 0.46448333 0.49678419
0.52738326 0.48737637 0.51860718
0.52736176 0.49458934 0.46280133
0.52738105 0.49485492 0.46281658
0.52739197 0.49511168 0.46282388
0.52739431 0.49917507 0.46404187
0.52738423 0.49969629 0.46428680
0.52736813 0.49995533 0.46476753
0.52727855 0.46471558 0.49632693
0.52756826 0.49386054 0.46325089
0.52762945 0.49917136 0.46452000
0.52761825 0.49943615 0.46475878
0.52753360 0.46472656 0.49681249
0.52744222 0.46589999 0.49413947
0.52755272 0.47159672 0.48547183
0.52783509 0.49438113 0.46351268
0.52785517 0.49489424 0.46354197
0.52807716 0.49390074 0.46399333
0.52808363 0.49490134 0.46401254
0.52819778 0.46613476 0.49438650
0.52865359 0.46735267 0.49263484
0.52912565 0.47618048 0.52950713
0.52960196 0.47617861 0.52902822
0.52960854 0.47641430 0.52879699
0.52948083 0.48815328 0.51365943
0.53015491 0.48862226 0.51080098
0.53014805 0.46735036 0.49387149
0.53016317 0.46855716 0.49212490
0.53037272 0.48863200 0.51012553
0.53137948 0.46904709 0.49258464
0.53160508 0.46904357 0.49282556
0.53226960 0.46662567 0.49997447
0.53228576 0.46804827 0.49581738
0.53232679 0.46928722 0.49329803
0.53251953 0.46686225 0.49976136
0.53280758 0.48647371 0.51010789
0.53281507 0.48693546 0.50918954
0.53304147 0.48718234 0.50752788
0.53332130 0.48644679 0.50916830
0.53339125 0.46670851 0.52324821
0.53340638 0.46695840 0.52351303
0.53329720 0.46879684 0.49606162
0.53354989 0.48620620 0.50872864
0.53351775 0.48693626 0.50680835
0.53352043 0.46807227 0.49827788
0.53352609 0.46880183 0.49655164
0.53374470 0.48669925 0.50656911
0.53388916 0.46672163 0.52300720
0.53389322 0.46721931 0.52351692
0.53377572 0.46905018 0.49654506
0.53406907 0.46527572 0.52063833
0.53409391 0.46598408 0.52202923
0.53437650 0.46697872 0.52301372
0.53444128 0.48004316 0.48025455
0.53452743 0.48428590 0.47759804
0.53450326 0.48543473 0.50583643
0.53460524 0.46648413 0.52227581
0.53461344 0.46698030 0.52277550
0.53479870 0.48504190 0.47763950
0.53470566 0.48573725 0.50274370
0.53477000 0.46528184 0.51814757
0.53478394 0.46528986 0.51886713
0.53481961 0.46553539 0.52065023
0.53481919 0.46575378 0.52108308
0.53502653 0.48482639 0.47809189
0.53494993 0.48523618 0.50323868
0.53504211 0.48531520 0.47788607
0.53504192 0.46553571 0.51999960
0.53527061 0.48508717 0.47833823
0.53526808 0.48532766 0.47834661
0.53527782 0.46557154 0.51864337
0.53542738 0.47504676 0.48886705
0.53539854 0.47938409 0.48256207
0.53544395 0.48031476 0.48145609
0.53545256 0.48055680 0.48123052
0.53545855 0.48079726 0.48100574
0.53545547 0.48425048 0.50229963
0.53551458 0.48457295 0.47906604
0.53551376 0.48663828 0.48031417
0.53551439 0.48688722 0.48079432
0.53574110 0.47101848 0.52452167
0.53566797 0.47986063 0.48235925
0.53568151 0.48010510 0.48214091
0.53569115 0.48034090 0.48192310
0.53569263 0.48057047 0.48170069
0.53569210 0.48080847 0.48146730
0.53576339 0.48432691 0.47979981
0.53574995 0.48536471 0.47982141
0.53575610 0.48562105 0.48006052
0.53592571 0.47003547 0.52406057
0.53599914 0.48282248 0.48102185
0.53601229 0.48331872 0.48079434
0.53602025 0.48408129 0.48055960
0.53602133 0.48460212 0.48056062
0.53601871 0.48484889 0.48056099
0.53601947 0.48561097 0.48130443
0.53619722 0.47702411 0.48788283
0.53624873 0.48308569 0.48173731
0.53626856 0.48386224 0.48177544
0.53627458 0.48485997 0.48203438
0.53627097 0.48562770 0.48276723
0.53626774 0.48617473 0.48351961
0.53626688 0.48618620 0.48467303
0.53639348 0.46953529 0.52332602
0.53652016 0.48515714 0.48397160
0.53651642 0.48539645 0.48444933
0.53662894 0.46928562 0.52284356
0.53662391 0.46952726 0.52308431
0.53664377 0.47029164 0.52359481
0.53682305 0.46805653 0.50734364
0.53710048 0.46782791 0.50992064
0.53709915 0.46780103 0.52065813
0.53707413 0.46830498 0.50688119
0.53713047 0.47004342 0.52284827
0.53714317 0.47156307 0.52360458
0.53715070 0.47206704 0.52361126
0.53720584 0.47849324 0.48914351
0.53732485 0.46757931 0.51975383
0.53737308 0.47105618 0.52335522
0.53739763 0.47206500 0.52336893
0.53745212 0.47924480 0.48891498
0.53746412 0.47976401 0.48893070
0.53747901 0.48003340 0.48920071
0.53748516 0.48029743 0.48946161
0.53748499 0.48107817 0.48996794
0.53748066 0.48134989 0.49045025
0.53747208 0.48136492 0.49067365
0.53755544 0.46757960 0.51861015
0.53759238 0.47001445 0.50321430
0.53764890 0.47206411 0.52262836
0.53777041 0.46756362 0.51460633
0.53785083 0.46858690 0.50831054
0.53785795 0.47052127 0.50271275
0.53800029 0.46757362 0.51605400
0.53800857 0.46757671 0.51628404
0.53802280 0.46781112 0.51436222
0.53810489 0.46908123 0.50831892
0.53809301 0.46953421 0.52113416
0.53810623 0.46978847 0.52137285
0.53826988 0.46806614 0.51507636
0.53825387 0.46807797 0.51629696
0.53836136 0.46909714 0.50991164
0.53832992 0.46953848 0.52068365
0.53834140 0.46979459 0.52091491
0.53860169 0.46961238 0.50968390
0.53863061 0.47182432 0.51972419
0.53880945 0.46931689 0.51604075
0.53881004 0.46931485 0.51628601
0.53880159 0.46931090 0.51722089
0.53879963 0.46955922 0.51954592
0.53880002 0.46979442 0.51999844
0.53885484 0.47011033 0.50993182
0.53886412 0.47036716 0.50970441
0.53885937 0.47135402 0.51904588
0.53904982 0.47006414 0.51905561
0.53904647 0.47005625 0.51928838
0.53908512 0.47034608 0.51601745
0.53907148 0.47032334 0.51836707
0.53908660 0.47058884 0.51626211
0.53908124 0.47057658 0.51836921
0.53907960 0.47058293 0.51859876
0.53907057 0.47058559 0.51975539
