          0.0001     0.000380322
     0.000106333     0.000403427
     0.000113066     0.000427935
     0.000120226      0.00045393
      0.00012784     0.000481501
     0.000135936     0.000510744
     0.000144544      0.00054176
     0.000153697     0.000574656
     0.000163431     0.000609544
      0.00017378     0.000646545
     0.000184785     0.000685786
     0.000196487       0.0007274
      0.00020893      0.00077153
      0.00022216     0.000818326
     0.000236229     0.000867947
     0.000251189     0.000920562
     0.000267096     0.000976347
      0.00028401      0.00103549
     0.000301995      0.00109819
     0.000321119      0.00116465
     0.000341455       0.0012351
     0.000363078      0.00130977
     0.000386071      0.00138889
     0.000410519      0.00147274
     0.000436516      0.00156157
     0.000464159      0.00165567
     0.000493552      0.00175534
     0.000524807      0.00186089
     0.000558042      0.00197264
     0.000593381      0.00209093
     0.000630957      0.00221612
     0.000670914      0.00234856
       0.0007134      0.00248865
     0.000758578      0.00263677
     0.000806616      0.00279332
     0.000857696      0.00295873
     0.000912011      0.00313342
     0.000969765      0.00331782
      0.00103118      0.00351238
      0.00109648      0.00371753
      0.00116591      0.00393371
      0.00123975      0.00416138
      0.00131826      0.00440097
      0.00140174       0.0046529
       0.0014905      0.00491758
      0.00158489       0.0051954
      0.00168526      0.00548672
      0.00179198      0.00579187
      0.00190546      0.00611112
      0.00202613      0.00644472
      0.00215443      0.00679285
      0.00229087       0.0071556
      0.00243594        0.007533
       0.0025902      0.00792501
      0.00275423      0.00833146
      0.00292864      0.00875208
      0.00311411      0.00918648
      0.00331131      0.00963415
      0.00352101       0.0100944
      0.00374398       0.0105664
      0.00398107       0.0110492
      0.00423318       0.0115416
      0.00450125       0.0120422
       0.0047863       0.0125495
       0.0050894       0.0130617
       0.0054117       0.0135768
       0.0057544       0.0140926
      0.00611881       0.0146066
      0.00650629       0.0151162
      0.00691831       0.0156184
      0.00735642         0.01611
      0.00782228       0.0165876
      0.00831764       0.0170473
      0.00884437       0.0174852
      0.00940445        0.017897
            0.01       0.0182782
       0.0106333       0.0186238
       0.0113066       0.0189287
       0.0120226       0.0191874
        0.012784       0.0193943
       0.0135936       0.0195435
       0.0144544       0.0196291
       0.0153697       0.0196451
       0.0163431       0.0195859
        0.017378       0.0194463
       0.0184785       0.0192221
       0.0196487       0.0189106
        0.020893       0.0185107
        0.022216       0.0180243
       0.0236229        0.017456
       0.0251189       0.0168139
       0.0267096       0.0161094
        0.028401        0.015357
       0.0301995       0.0145737
       0.0321119       0.0137774
       0.0341455       0.0129863
       0.0363078       0.0122173
       0.0386071        0.011485
       0.0410519       0.0108015
       0.0436516       0.0101757
       0.0464159      0.00961325
       0.0493552      0.00911598
       0.0524807      0.00868071
       0.0558042      0.00829768
       0.0593381      0.00794897
       0.0630957      0.00760798
       0.0670914      0.00724187
         0.07134      0.00681828
       0.0758578      0.00631648
       0.0806616      0.00573962
       0.0857696      0.00512133
       0.0912011      0.00451972
       0.0969765      0.00399809
        0.103118      0.00359965
        0.109648       0.0033278
        0.116591      0.00313973
        0.123975       0.0029599
        0.131826      0.00271933
        0.140174      0.00240615
         0.14905      0.00207976
        0.158489      0.00182014
        0.168526      0.00165612
        0.179198      0.00154084
        0.190546       0.0014007
        0.202613      0.00122168
        0.215443      0.00106107
        0.229087     0.000955171
        0.243594     0.000868565
         0.25902      0.00076427
        0.275423     0.000666775
        0.292864      0.00059666
        0.311411     0.000529967
        0.331131     0.000463214
        0.352101     0.000410439
        0.374398     0.000361724
        0.398107     0.000317247
        0.423318     0.000279572
        0.450125     0.000244923
         0.47863     0.000215044
         0.50894     0.000188237
         0.54117     0.000164828
         0.57544     0.000144078
        0.611881     0.000125876
        0.650629     0.000109868
        0.691831     9.58016e-05
        0.735642     8.34731e-05
        0.782228     7.26722e-05
        0.831764     6.32161e-05
        0.884437     5.49464e-05
        0.940445     4.77218e-05
               1     4.14161e-05
         1.06333     3.59171e-05
         1.13066     3.11256e-05
         1.20226     2.69542e-05
          1.2784     2.33259e-05
         1.35936     2.01725e-05
         1.44544     1.74336e-05
         1.53697      1.5057e-05
         1.63431     1.29961e-05
          1.7378     1.12103e-05
         1.84785     9.66411e-06
         1.96487     8.32621e-06
          2.0893     7.16937e-06
          2.2216     6.16977e-06
         2.36229     5.30659e-06
         2.51189     4.56169e-06
         2.67096     3.91928e-06
          2.8401     3.36559e-06
         3.01995     2.88866e-06
         3.21119     2.47809e-06
         3.41455     2.12484e-06
         3.63078     1.82108e-06
         3.86071     1.56003e-06
         4.10519     1.33579e-06
         4.36516     1.14328e-06
         4.64159     9.78086e-07
         4.93552      8.3641e-07
         5.24807     7.14961e-07
         5.58042     6.10899e-07
         5.93381     5.21778e-07
         6.30957     4.45486e-07
         6.70914     3.80206e-07
           7.134     3.24372e-07
         7.58578     2.76638e-07
         8.06616     2.35845e-07
         8.57696     2.00999e-07
         9.12011     1.71243e-07
         9.69765     1.45844e-07
         10.3118     1.24172e-07
         10.9648     1.05688e-07
         11.6591      8.9927e-08
         12.3975     7.64936e-08
         13.1826     6.50477e-08
         14.0174     5.52985e-08
          14.905     4.69972e-08
         15.8489      3.9931e-08
         16.8526     3.39181e-08
         17.9198      2.8803e-08
         19.0546      2.4453e-08
         20.2613     2.07547e-08
         21.5443     1.76113e-08
         22.9087     1.49403e-08
         24.3594     1.26715e-08
          25.902     1.07446e-08
         27.5423     9.10871e-09
         29.2864     7.72013e-09
         31.1411     6.54179e-09
         33.1131     5.54211e-09
         35.2101     4.69421e-09
         37.4398      3.9752e-09
         39.8107     3.36564e-09
         42.3318     2.84898e-09
         45.0125     2.41116e-09
          47.863     2.04023e-09
          50.894     1.72604e-09
          54.117     1.45997e-09
          57.544     1.23469e-09
         61.1881     1.04398e-09
         65.0629     8.82576e-10
         69.1831     7.45997e-10
         73.5642     6.30448e-10
         78.2228     5.32708e-10
         83.1764     4.50048e-10
         88.4437     3.80153e-10
         94.0445     3.21063e-10
             100     2.71116e-10
         106.333     2.28905e-10
         113.066     1.93236e-10
         120.226     1.63102e-10
          127.84     1.37647e-10
         135.936     1.16148e-10
         144.544      9.7994e-11
         153.697     8.26658e-11
         163.431     6.97258e-11
          173.78     5.88036e-11
         184.785     4.95858e-11
         196.487     4.18075e-11
          208.93      3.5245e-11
          222.16     2.97088e-11
         236.229     2.50392e-11
         251.189     2.11011e-11
         267.096     1.77801e-11
          284.01     1.49801e-11
         301.995     1.26196e-11
         321.119     1.06299e-11
         341.455     8.95282e-12
         363.078     7.53953e-12
         386.071     6.34866e-12
         410.519     5.34531e-12
         436.516     4.50006e-12
         464.159     3.78807e-12
         493.552     3.18841e-12
         524.807      2.6834e-12
         558.042     2.25816e-12
         593.381     1.90011e-12
         630.957     1.59869e-12
         670.914     1.34495e-12
           713.4     1.13138e-12
         758.578     9.51629e-13
         806.616     8.00366e-13
         857.696     6.73086e-13
         912.011     5.65996e-13
         969.765     4.75903e-13
         1031.18     4.00115e-13
         1096.48     3.36368e-13
         1165.91     2.82754e-13
         1239.75     2.37665e-13
         1318.26     1.99749e-13
         1401.74     1.67869e-13
          1490.5     1.41066e-13
         1584.89     1.18533e-13
         1685.26     9.95909e-14
         1791.98     8.36697e-14
         1905.46     7.02883e-14
         2026.13     5.90426e-14
         2154.43     4.95924e-14
         2290.87     4.16518e-14
         2435.94       3.498e-14
          2590.2     2.93748e-14
         2754.23      2.4666e-14
         2928.64     2.07106e-14
         3114.11     1.73882e-14
         3311.31     1.45979e-14
         3521.01     1.22544e-14
         3743.98     1.02865e-14
         3981.07     8.63405e-15
         4233.18     7.24657e-15
         4501.25     6.08166e-15
          4786.3     5.10369e-15
          5089.4     4.28271e-15
          5411.7     3.59356e-15
          5754.4     3.01513e-15
         6118.81     2.52964e-15
         6506.29      2.1222e-15
         6918.31     1.78028e-15
         7356.42     1.49335e-15
         7822.28      1.2526e-15
         8317.64      1.0506e-15
         8844.37     8.81126e-16
         9404.45     7.38947e-16
